1,北京市,0,1
2,天津市,0,1
3,上海市,0,1
4,重庆市,0,1
5,河北省,0,1
6,山西省,0,1
7,台湾省,0,1
8,辽宁省,0,1
9,吉林省,0,1
10,黑龙江省,0,1
11,江苏省,0,1
12,浙江省,0,1
13,安徽省,0,1
14,福建省,0,1
15,江西省,0,1
16,山东省,0,1
17,河南省,0,1
18,湖北省,0,1
19,湖南省,0,1
20,广东省,0,1
21,甘肃省,0,1
22,四川省,0,1
23,贵州省,0,1
24,海南省,0,1
25,云南省,0,1
26,青海省,0,1
27,陕西省,0,1
28,广西壮族自治区,0,1
29,西藏自治区,0,1
30,宁夏回族自治区,0,1
31,新疆维吾尔族自治区,0,1
32,内蒙古自治区,0,1
33,澳门特别行政区,0,1
34,香港特别行政区,0,1
61,东城区,1,2
62,西城区,1,2
63,崇文区,1,2
64,宣武区,1,2
65,朝阳区,1,2
66,丰台区,1,2
67,石景山区,1,2
68,海淀区,1,2
69,门头沟区,1,2
70,房山区,1,2
71,通州区,1,2
72,顺义区,1,2
73,昌平区,1,2
74,大兴区,1,2
75,怀柔区,1,2
76,平谷区,1,2
77,延庆县,1,2
78,密云县,1,2
101,石家庄市,5,2
102,唐山市,5,2
103,秦皇岛市,5,2
104,邯郸市,5,2
105,邢台市,5,2
106,保定市,5,2
107,张家口市,5,2
108,承德市,5,2
109,沧州市,5,2
110,廊坊市,5,2
111,衡水市,5,2
121,太原市,6,2
122,大同市,6,2
123,阳泉市,6,2
124,长治市,6,2
125,晋城市,6,2
126,朔州市,6,2
127,晋中市,6,2
128,运城市,6,2
129,忻州市,6,2
130,临汾市,6,2
131,吕梁市,6,2
141,台北市,7,2
142,高雄市,7,2
143,基隆市,7,2
144,台中市,7,2
145,台南市,7,2
146,新竹市,7,2
147,嘉义市,7,2
148,台北县,7,2
149,宜兰县,7,2
150,桃园县,7,2
151,新竹县,7,2
152,苗栗县,7,2
153,台中县,7,2
154,彰化县,7,2
155,南投县,7,2
156,云林县,7,2
157,嘉义县,7,2
158,台南县,7,2
159,高雄县,7,2
160,屏东县,7,2
161,澎湖县,7,2
162,台东县,7,2
163,花莲县,7,2
181,沈阳市,8,2
182,大连市,8,2
183,鞍山市,8,2
184,抚顺市,8,2
185,本溪市,8,2
186,丹东市,8,2
187,锦州市,8,2
188,营口市,8,2
189,阜新市,8,2
190,辽阳市,8,2
191,盘锦市,8,2
192,铁岭市,8,2
193,朝阳市,8,2
194,葫芦岛市,8,2
201,长春市,9,2
202,吉林市,9,2
203,四平市,9,2
204,辽源市,9,2
205,通化市,9,2
206,白山市,9,2
207,松原市,9,2
208,白城市,9,2
209,延边朝鲜族自治州,9,2
221,哈尔滨市,10,2
222,齐齐哈尔市,10,2
223,鹤岗市,10,2
224,双鸭山市,10,2
225,鸡西市,10,2
226,大庆市,10,2
227,伊春市,10,2
228,牡丹江市,10,2
229,佳木斯市,10,2
230,七台河市,10,2
231,黑河市,10,2
232,绥化市,10,2
233,大兴安岭地区,10,2
241,南京市,11,2
242,无锡市,11,2
243,徐州市,11,2
244,常州市,11,2
245,苏州市,11,2
246,南通市,11,2
247,连云港市,11,2
248,淮安市,11,2
249,盐城市,11,2
250,扬州市,11,2
251,镇江市,11,2
252,泰州市,11,2
253,宿迁市,11,2
281,杭州市,12,2
282,宁波市,12,2
283,温州市,12,2
284,嘉兴市,12,2
285,湖州市,12,2
286,绍兴市,12,2
287,金华市,12,2
288,衢州市,12,2
289,舟山市,12,2
290,台州市,12,2
291,丽水市,12,2
301,合肥市,13,2
302,芜湖市,13,2
303,蚌埠市,13,2
304,淮南市,13,2
305,马鞍山市,13,2
306,淮北市,13,2
307,铜陵市,13,2
308,安庆市,13,2
309,黄山市,13,2
310,滁州市,13,2
311,阜阳市,13,2
312,宿州市,13,2
313,巢湖市,13,2
314,六安市,13,2
315,亳州市,13,2
316,池州市,13,2
317,宣城市,13,2
321,福州市,14,2
322,厦门市,14,2
323,莆田市,14,2
324,三明市,14,2
325,泉州市,14,2
326,漳州市,14,2
327,南平市,14,2
328,龙岩市,14,2
329,宁德市,14,2
341,南昌市,15,2
342,景德镇市,15,2
343,萍乡市,15,2
344,九江市,15,2
345,新余市,15,2
346,鹰潭市,15,2
347,赣州市,15,2
348,吉安市,15,2
349,宜春市,15,2
350,抚州市,15,2
351,上饶市,15,2
361,济南市,16,2
362,青岛市,16,2
363,淄博市,16,2
364,枣庄市,16,2
365,东营市,16,2
366,烟台市,16,2
367,潍坊市,16,2
368,济宁市,16,2
369,泰安市,16,2
370,威海市,16,2
371,日照市,16,2
372,莱芜市,16,2
373,临沂市,16,2
374,德州市,16,2
375,聊城市,16,2
376,滨州市,16,2
377,菏泽市,16,2
401,郑州市,17,2
402,开封市,17,2
403,洛阳市,17,2
404,平顶山市,17,2
405,安阳市,17,2
406,鹤壁市,17,2
407,新乡市,17,2
408,焦作市,17,2
409,濮阳市,17,2
410,许昌市,17,2
411,漯河市,17,2
412,三门峡市,17,2
413,南阳市,17,2
414,商丘市,17,2
415,信阳市,17,2
416,周口市,17,2
417,驻马店市,17,2
418,济源市,17,2
421,武汉市,18,2
422,黄石市,18,2
423,十堰市,18,2
424,荆州市,18,2
425,宜昌市,18,2
426,襄樊市,18,2
427,鄂州市,18,2
428,荆门市,18,2
429,孝感市,18,2
430,黄冈市,18,2
431,咸宁市,18,2
432,随州市,18,2
433,仙桃市,18,2
434,天门市,18,2
435,潜江市,18,2
436,神农架林区,18,2
437,恩施土家族苗族自治州,18,2
441,长沙市,19,2
442,株洲市,19,2
443,湘潭市,19,2
444,衡阳市,19,2
445,邵阳市,19,2
446,岳阳市,19,2
447,常德市,19,2
448,张家界市,19,2
449,益阳市,19,2
450,郴州市,19,2
451,永州市,19,2
452,怀化市,19,2
453,娄底市,19,2
454,湘西土家族苗族自治州,19,2
455,广州市,20,2
456,深圳市,20,2
457,珠海市,20,2
458,汕头市,20,2
459,韶关市,20,2
460,佛山市,20,2
461,江门市,20,2
462,湛江市,20,2
463,茂名市,20,2
464,肇庆市,20,2
465,惠州市,20,2
466,梅州市,20,2
467,汕尾市,20,2
468,河源市,20,2
469,阳江市,20,2
470,清远市,20,2
485,东莞市,20,2
486,中山市,20,2
487,潮州市,20,2
488,揭阳市,20,2
489,云浮市,20,2
471,兰州市,21,2
472,金昌市,21,2
473,白银市,21,2
474,天水市,21,2
475,嘉峪关市,21,2
476,武威市,21,2
477,张掖市,21,2
478,平凉市,21,2
479,酒泉市,21,2
480,庆阳市,21,2
481,定西市,21,2
482,陇南市,21,2
483,临夏回族自治州,21,2
484,甘南藏族自治州,21,2
491,成都市,22,2
492,自贡市,22,2
493,攀枝花市,22,2
494,泸州市,22,2
495,德阳市,22,2
496,绵阳市,22,2
497,广元市,22,2
498,遂宁市,22,2
499,内江市,22,2
500,乐山市,22,2
501,南充市,22,2
502,眉山市,22,2
503,宜宾市,22,2
504,广安市,22,2
505,达州市,22,2
506,雅安市,22,2
507,巴中市,22,2
508,资阳市,22,2
509,阿坝藏族羌族自治州,22,2
510,甘孜藏族自治州,22,2
511,凉山彝族自治州,22,2
521,贵阳市,23,2
522,六盘水市,23,2
523,遵义市,23,2
524,安顺市,23,2
525,铜仁地区,23,2
526,毕节地区,23,2
527,黔西南布依族苗族自治州,23,2
528,黔东南苗族侗族自治州,23,2
529,黔南布依族苗族自治州,23,2
541,海口市,24,2
542,三亚市,24,2
543,五指山市,24,2
544,琼海市,24,2
545,儋州市,24,2
546,文昌市,24,2
547,万宁市,24,2
548,东方市,24,2
549,澄迈县,24,2
550,定安县,24,2
551,屯昌县,24,2
552,临高县,24,2
553,白沙黎族自治县,24,2
554,昌江黎族自治县,24,2
555,乐东黎族自治县,24,2
556,陵水黎族自治县,24,2
557,保亭黎族苗族自治县,24,2
558,琼中黎族苗族自治县,24,2
571,昆明市,25,2
572,曲靖市,25,2
573,玉溪市,25,2
574,保山市,25,2
575,昭通市,25,2
576,丽江市,25,2
577,思茅市,25,2
578,临沧市,25,2
579,文山壮族苗族自治州,25,2
580,红河哈尼族彝族自治州,25,2
581,西双版纳傣族自治州,25,2
582,楚雄彝族自治州,25,2
583,大理白族自治州,25,2
584,德宏傣族景颇族自治州,25,2
585,怒江傈傈族自治州,25,2
586,迪庆藏族自治州,25,2
601,西宁市,26,2
602,海东地区,26,2
603,海北藏族自治州,26,2
604,黄南藏族自治州,26,2
605,海南藏族自治州,26,2
606,果洛藏族自治州,26,2
607,玉树藏族自治州,26,2
608,海西蒙古族藏族自治州,26,2
621,西安市,27,2
622,铜川市,27,2
623,宝鸡市,27,2
624,咸阳市,27,2
625,渭南市,27,2
626,延安市,27,2
627,汉中市,27,2
628,榆林市,27,2
629,安康市,27,2
630,商洛市,27,2
641,南宁市,28,2
642,柳州市,28,2
643,桂林市,28,2
644,梧州市,28,2
645,北海市,28,2
646,防城港市,28,2
647,钦州市,28,2
648,贵港市,28,2
649,玉林市,28,2
650,百色市,28,2
651,贺州市,28,2
652,河池市,28,2
653,来宾市,28,2
654,崇左市,28,2
671,拉萨市,29,2
672,那曲地区,29,2
673,昌都地区,29,2
674,山南地区,29,2
675,日喀则地区,29,2
676,阿里地区,29,2
677,林芝地区,29,2
681,银川市,30,2
682,石嘴山市,30,2
683,吴忠市,30,2
684,固原市,30,2
685,中卫市,30,2
691,乌鲁木齐市,31,2
692,克拉玛依市,31,2
694,阿拉尔市,31,2
695,图木舒克市,31,2
696,五家渠市,31,2
697,吐鲁番市,31,2
698,阿克苏市,31,2
699,喀什市,31,2
700,哈密市,31,2
701,和田市,31,2
702,阿图什市,31,2
703,库尔勒市,31,2
704,昌吉市,31,2
705,阜康市,31,2
706,米泉市,31,2
707,博乐市,31,2
708,伊宁市,31,2
709,奎屯市,31,2
710,塔城市,31,2
711,乌苏市,31,2
712,阿勒泰市,31,2
721,呼和浩特市,32,2
722,包头市,32,2
723,乌海市,32,2
724,赤峰市,32,2
725,通辽市,32,2
726,鄂尔多斯市,32,2
727,呼伦贝尔市,32,2
728,巴彦淖尔市,32,2
729,乌兰察布市,32,2
